2.1827625414
2.45587870499
1.04642147536
5.57293884077
0.460104775361
0.489928011215
0.191860263497
0.201818941736
0.548846207178
0.218164846356
4.07397216254
3.46431538901
2.75841615935
2.02393614037
6.56434331801
1.30355239158
0.0573151485761
0.418364085835
0.452358616981
0.185883464732
0.414442555961
1.61665880359
1.41353109107
8.19182706079
1.93994686614
1.26942766845
8.97723195505
1.30118074666
0.855527994688
0.942817577387
2.9277430121
6.73261769909
0.725467532052
1.74658320352
1.20193964876
0.0963302008628
0.224026969557
0.0570607913175
3.17399265683
2.88423185081
3.64700010756
1.28201357402
1.2868993533
0.637659340002
1.14952025542
3.52551244098
4.11403374982
0.402117489727
2.88632684756
3.06034239499
1.0276712834
0.327197993891
0.875565892358
1.59740243114
1.03457935942
0.717158030633
3.19892684015
0.702968127931
3.6522339745
0.483152367598
1.36104296298
3.03791966237
0.34953732375
7.34157426253
1.61755268129
2.24419011633
0.588592241756
0.198379492218
1.91441209583
1.63972121362
0.580956257792
0.437091699833
0.703991812408
0.827700899842
0.0115751820897
0.993944582704
7.82295512065
2.01023366153
2.43912125146
0.00513337689175
1.26650532478
2.47465110597
3.26424982579
0.325688343337
7.0074819994
4.5892926081
6.17295771753
0.0544703081692
3.92886767438
1.03963166805
0.801611143531
1.66826923692
0.270735871161
7.91525613683
0.156180147434
2.05153562855
2.15262201113
3.61124137496
1.33784816633
0.303124165246
7.02944624523
0.220725371325
0.7930975845
4.68544372998
6.16565041623
6.16701471388
1.09996193621
2.76769858123
0.841143890301
0.810353906331
0.74177395462
0.434249999855
4.24190364989
1.87370615037
1.64094999223
0.466756477767
1.12137372039
0.215085606341
0.463782549792
2.19596348963
0.102997138153
4.84648768917
4.70297191123
0.749686254585
2.56404847346
3.36295191366
1.42048951279
0.810343810317
1.47231542595
5.59461025088
0.136977370962
0.115554135669
1.02438609442
0.307277755384
1.51500513672
0.129268679391
0.873632581369
1.33029490717
5.34700002649
0.0424549150159
3.97314387612
7.26168248988
4.00927391876
3.94549146979
0.217473962616
0.130681827958
0.885748385807
2.65930772246
6.11930481573
1.03967969519
1.23217154965
7.18389443738
3.78118407551
3.48472935119
0.910560187077
1.77593915105
2.91973079687
1.84973189851
0.0399494822107
0.747388859805
1.35513749509
0.861461480387
0.643865102887
1.44572966245
0.976865926965
2.50809957876
3.23428851571
0.669861305839
0.265974939996
8.0775402678
0.705254780159
1.04532726493
3.50999824194
2.3623039974
1.12356215545
6.59519733509
1.29704434671
2.05631018156
4.58153796597
2.21602908372
1.48462487549
5.86248943202
2.42633630927
0.0104710207651
0.262417418924
1.92832858624
1.18663220289
3.5610468474
0.578593608302
0.664488211041
3.56480938035
0.937699773579
3.27088453904
1.45383268402
1.58163186538
0.120229690935
0.441373501062
0.354852151801
0.376834262927
1.74342766519
2.66366590159
5.22265294538
0.677181296721
2.55744571883
7.05286435733
0.221053738213
4.61577308546
0.64399934241
2.91085395063
0.439751055571
1.07760369062
1.04614881491
0.144315631154
2.29260262047
4.5522235527
2.40570108161
0.56349627668
1.15609079727
5.08954484821
8.02442287013
1.200337295
1.42852459421
1.57780668556
0.228278750124
0.58429646056
4.59919865734
1.49301611195
1.44901411328
1.48967410288
2.91732643592
4.1933982783
6.23052781782
0.991143102287
0.350123063314
1.15625266346
1.2963766743
2.37731366846
0.114964211981
6.009186365
4.20289984963
0.401219761328
0.326281199336
2.40407653922
5.67962617822
2.02314957777
1.323455479
6.59983348177
0.990114398249
0.565985761325
0.287290349574
4.82560259021
0.485857255829
2.16878197571
0.206791307064
0.296996651195
2.91485618781
3.29750650063
0.356318906679
0.209133029056
5.336140741
1.73474222615
0.0104343854118
0.280626493104
4.93831654558
1.27769184157
3.28062615201
6.10979814776
5.91726736931
0.331916057905
0.503380356596
0.49519706427
0.150996473926
1.8341795715
1.50308948812
2.52124059797
4.1539277074
1.60808841087
4.3462296727
4.90546822494
2.1741451342
0.6315347749
0.236506596104
1.8415970979
0.551518327496
7.08220913489
3.72563825075
1.12281180072
5.02771005743
3.47752852994
0.632892789801
2.63694702756
0.680427208543
1.16739562981
0.898518386405
2.6840004529
2.11378867779
5.37009747802
1.74601424361
1.82250299866
0.921265805421
3.06127365612
0.794424747483
1.09114780545
1.17560393769
2.23758374074
7.02006367066
0.393584040723
1.32857380331
2.73280439652
7.05676700469
4.95897062556
0.230246197231
0.134403587967
0.126033386088
3.19865347233
4.63938274664
0.220776954821
2.46237752985
0.406826060475
1.24656530266
4.82602493302
0.955115020427
0.911440943879
0.0659780741143
1.91416851958
0.503446745502
1.12308710401
0.506925461414
1.36553162329
2.04286250228
3.38267886172
0.213670236581
4.92489417208
5.08178814325
0.983043594947
0.112707688163
0.346741741078
4.02245778063
0.866106957871
0.337085698553
7.04176674815
2.21269170445
0.473087538979
0.0684532952838
0.994814230183
4.03181039648
6.98148874638
1.24902470069
2.45098849932
2.07997056905
0.19391712272
6.73195301038
1.55085912002
1.25512512419
5.44648292451
1.02254679245
1.36381096274
0.735613833495
2.55730247763
0.704823259277
0.214779801577
1.99990833377
0.413290111399
2.30642268382
1.2442615142
7.31211500281
0.116331777983
1.27090068492
7.21488870383
1.29118151766
0.182288277506
0.456827638193
3.09212087752
1.07671359492
2.67650474041
1.35249653886
1.65446114074
0.264592073536
2.46096109054
1.71163444683
2.28462107506
0.12921801853
2.47555632919
5.50119452377
1.80197486851
2.75075454246
2.42306891982
3.1333726224
0.0525786289869
6.14245985767
2.58969345829
0.121385356188
0.869064608759
3.48202284879
1.06315684598
0.54838349561
5.25424050365
7.07716416
2.6940772644
1.08885983517
0.690264844027
0.466609756535
5.40348090796
2.28310857361
0.120719792544
0.684863103573
5.60683402468
2.20353641372
0.910281891886
1.28256952823
5.5449701412
5.05349937114
0.294814625474
9.52836072085
2.66289332735
4.54260270656
0.594233196281
2.68405416081
1.34267156078
0.417095264878
1.70778646735
4.81706150759
1.46832390102
1.12692132173
0.966402227256
4.23894299091
0.104198685092
3.57391695954
0.379052855613
6.92379769242
1.16913008911
4.01400638596
1.46504390716
4.77367824624
3.55493394798
7.4878876163
3.09755847083
1.09471311234
0.359892950468
3.96478235803
5.97090325636
3.66007810341
2.35145340272
1.21533560111
0.592756804003
0.662603448949
8.20603874396
4.19658599916
0.324021565427
3.96693374458
3.0945563824
6.01753086337
3.1411448135
0.421762870082
3.86831641559
0.920463630804
11.1212672852
8.35345169604
0.945366051338
2.87879367329
0.839765435728
5.04904414157
4.92908834631
0.489389612172
1.90096489825
5.45362907437
11.8453232281
1.45253588521
0.609306220681
3.9331102944
0.0740073975865
1.62057046141
0.428982416589
2.75344393527
0.926725245592
3.56972581952
1.35293156072
2.8182980053
5.79103575069
2.60207699244
1.84973236551
0.641190267975
2.0176464894
0.625661662076
1.02525245607
0.808547911
2.23405704516
1.00651628647
5.08635069941
0.1411011665
2.24195770026
0.756042106344
1.22381418205
4.43172993042
1.34952990447
2.35331185262
2.97561642645
0.667536950943
0.0640749185858
3.96003668236
3.57672783825
0.796831604713
1.96711380831
3.77404355469
0.622536340396
1.17423299702
5.31899455215
1.20498381597
0.549539227694
0.237250548948
3.35674165384
1.9534352958
1.80945119539
1.61202504495
1.89198338973
1.77805602333
0.156043039347
0.906201919574
1.07738112421
0.0505511119165
0.36913008058
2.4304227186
0.810605998177
3.29971661498
1.24840719357
0.735473396942
10.3407901745
1.9824842665
8.50887041022
2.18714387442
2.21927491253
1.7020346891
1.69085862847
0.235052873073
3.89557267908
0.908109434712
2.81391926334
0.477964647514
1.0734661194
0.495330442821
5.76469681438
1.77368652804
1.45793809085
3.93702042422
0.268603381866
0.36204522739
0.948948851015
8.85473785404
1.23563384229
0.135572228667
0.745964045925
0.107255399407
2.29353407063
5.39812964406
1.27910363093
0.658262537095
8.0126157343
0.66544102195
2.77281735585
3.18555230111
5.91778669022
3.91750809709
0.145825386605
4.37598839515
0.723669452709
1.44217815197
8.62535215528
1.77457111584
2.90610230207
2.27396858534
5.61058144163
0.414302920877
0.610479487993
1.43598485488
5.53141745647
3.43191275775
2.21278234692
0.502083968206
2.61313185768
0.3968088213
0.0990480047154
0.246141642768
1.76400807739
1.81335303777
0.457923286722
0.50924945846
0.555762747905
4.3647080764
1.26481933086
0.929686189655
1.09858944924
2.9398340897
0.0859565900203
1.13673667501
1.62454993541
6.74938788965
2.48804092091
3.91491411517
1.84853330956
3.94245807386
1.65437262707
3.48011082994
2.23544615824
0.818424759639
1.73053168274
0.333014069834
0.368109243718
0.0063281557004
2.33903591853
1.9638236971
1.34075761211
0.94497531802
0.593961870891
4.02618575088
1.19481902131
3.7872950225
2.29354542761
1.02670628411
0.541067765304
0.048987082601
0.0646464827994
1.23365473812
3.60532244461
0.956202592397
2.30246807371
2.5528467676
0.76539846145
3.58094002941
1.38549346952
1.31038788564
1.40825116367
0.314457372097
1.1605860897
0.591979596774
4.57877399439
0.137116954485
1.01552262512
1.42622437831
1.54643547796
2.30997465657
1.15774615228
2.13408734423
0.853685245627
0.777362036712
2.54305493194
0.520650519152
0.789281976192
2.4308473361
1.37830202279
2.4811602177
5.24402640696
3.22347404475
2.51276573512
8.63685002533
1.44644679124
0.525740605115
2.28198069943
0.530387766427
3.51646688744
0.0825196691471
5.34901403889
2.5935995961
1.33591179864
0.510543154374
1.10095408728
1.97696612344
1.11760320737
1.51266145036
0.43172280723
0.59378668047
1.9487429102
8.82862923506
4.25000363665
2.11792225373
3.05679120692
0.117747714447
1.26476340008
2.47314609002
0.791758116825
1.7593552851
2.49129281721
9.37780090036
3.34204061666
2.31948628067
0.456216849213
2.56040560969
1.02993875614
0.872722163721
1.82816203519
1.74960727533
1.55088750544
3.90299283163
3.64660107019
0.443475548829
1.67073757614
2.4605842172
0.325761419285
1.08730722826
3.48347319756
8.53416237536
0.0717910959185
2.17338456794
0.830991860071
0.702455705093
0.364481292103
1.31043497055
0.580609247216
2.39831524718
1.649486623
0.746955063048
0.837541396944
6.63804498804
8.60134380984
2.14415292304
4.22657049893
0.69950663479
0.795839391133
1.52309622128
1.45178823816
0.434670066988
1.32014182175
0.388113583016
0.0270865849944
1.17856761987
2.45488985767
0.312607222031
0.404469928258
9.15914029171
0.577110101324
8.06487208518
4.24105081572
1.3099401268
2.85751707081
6.23719799536
2.00280727586
2.58091189876
1.11913147053
3.10363096454
0.765259619126
1.09963098883
1.23492456325
0.189556405138
1.6666565706
0.460117024213
7.18667818653
4.99724325823
0.994425754117
0.779574158925
0.792897180639
0.00111153651853
1.59712710015
5.28844430314
0.818971510939
0.632248743478
6.41617261969
2.58633826474
3.44072620657
7.58082901405
2.77020967288
2.20703772985
1.32749346265
0.38356402176
1.71325747415
1.09570792835
2.69283010799
2.62643165666
1.11759556324
0.054957586556
2.16998410777
8.28748189416
3.89746831342
0.00428767471772
1.26859542133
3.14174736052
1.18656304847
0.467839499983
1.75384364601
1.30146607212
0.275157865862
0.340899361059
1.09475701619
5.89680067158
0.914473313413
1.01082203878
1.93155541407
0.0892274588291
0.91079894548
1.56552314831
0.838632637114
2.16171963053
0.0735148364074
2.12666077612
1.2001602781
1.20494663833
1.30809704955
4.15961176671
1.6532248106
0.0421916299652
0.751805862364
2.23430217742
0.396783635103
3.36563841772
3.4787162694
0.109865814618
0.637302865616
1.11274577194
0.0513984804129
0.715124016441
1.78246627164
6.68526826912
0.174065739615
0.561138703745
5.00680717486
3.20895569403
0.0186226529519
1.36551141895
1.93056480673
6.872346009
0.788056693544
1.69417139597
0.594414372351
0.765431249715
1.22756808743
1.08825170441
0.161964010776
0.784650527313
0.131205690297
6.29356125107
2.36066758875
0.248877596519
1.58913503287
1.80839721006
0.362822817785
0.77699283043
0.896250063588
1.03618763008
0.720921889828
1.25130458025
1.5246298289
10.6047281676
0.614925108154
2.83584183468
6.37205196733
5.53985101665
0.522866113199
4.73941894051
2.15309265791
1.83405505628
0.322929127324
0.0162814830847
3.39240925459
0.254921108883
1.2402683767
1.76907509968
5.51643058888
9.53999638837
0.313626203211
2.6957040359
0.315557693535
0.384970465737
4.56494264451
1.30320517438
5.94401766159
0.326700267984
3.85490260932
4.45738531968
0.844009556685
3.09182801512
0.100017852138
0.878073117098
0.95852572014
6.55601231282
0.298255125143
2.1885732987
5.45827121596
1.24725424818
1.24613445065
4.71518975067
0.605662443679
1.93011480408
0.0281860903096
6.3358579512
2.07901188117
0.653003110297
6.20865184918
0.982276730912
2.60402550708
0.466066189905
2.52511818466
1.97928766209
2.86007350721
1.66798369365
1.64671530673
0.0514038212965
3.51931554567
0.307259282907
0.0448236842318
1.77320531275
2.34006600751
5.2282551611
0.463715710418
1.7741917515
0.658892984326
1.57684802286
0.985894776972
0.394266671533
3.05054876282
2.15995359059
5.23893049522
3.87910352375
0.0254086480524
5.66227578196
1.70622424233
0.762258613064
0.614449202963
1.88556684379
0.559296451842
0.893622907357
5.18200707766
1.12078315958
1.98928541328
1.12319640826
0.233800071706
6.54966757694
0.200905094012
0.352329950534
0.925999299827
0.998968562816
0.605796229001
3.4561824629
4.27562176276
2.98209177834
3.00921422965
2.12539205803
0.0905741190555
5.71643216181
8.16454625254
1.70786469643
0.217494044352
0.346002722871
1.82830327077
0.101303873958
1.10525335787
1.72580031821
0.453160332166
3.89708677236
0.376241040891
1.58180742596
1.42983917226
0.572211237266
0.421309798584
1.1754567729
1.67317436647
2.48878473935
1.4650200221
3.83550843924
0.809713580446
1.1908136292
2.96184668348
0.77963782121
1.55975947569
6.10480838581
1.31761321849
7.22356119554
1.19645869783
4.65965597319
1.56016704482
1.32414884147
1.28481470594
5.38284381909
3.15827133808
2.31713752425
1.29412100732
1.32377018799
0.326804644018
3.84326528655
11.6184648279
0.169348145092
0.0418910569604
0.0979821256822
4.53643595642
0.666155745645
3.79155826511
0.00870039714245
1.09948168431
1.82096968004
9.63492844568
2.69398291161
2.07167847901
1.99015987062
0.44408610895
5.92341228144
1.81782489548
0.9340549828
0.148841805958
5.48330237963
3.09246154154
0.221042308707
1.12573282429
3.37714836119
