2.10341209501
2.27071562793
2.13198541021
2.21010064105
2.14424768598
2.17019805549
2.12683862534
2.06389808829
2.21797904102
2.12748284445
2.04581314267
2.19735538775
2.07553682577
2.08727419106
2.12342342097
1.97508334926
2.16640394295
2.18795292412
2.31569660236
2.18466226785
2.10970841395
2.13070869439
2.29434159222
2.19439509126
2.13767608562
2.08762560964
2.13271653406
2.16447152431
2.19404158547
2.18273343048
2.13608842429
2.19569262398
2.07683046329
2.18881801074
2.23004790384
2.22100460852
1.99749166435
2.27432737586
2.18197963801
2.16816205284
2.09460574291
2.12975747216
2.14103108119
2.25741935503
2.24694377672
2.18610970878
2.27538163944
2.18165822707
2.09574930992
2.19206695397
2.21588307894
2.17959164256
2.21270723481
2.16149243689
2.16578402739
2.14380091726
2.29739968245
2.23226482342
2.20934038999
1.9833981162
2.23765290544
2.18479561017
2.1996960821
2.13942558101
2.25762910985
2.18508441189
2.16179519488
2.21088013221
2.19382366844
2.26562306677
2.27755274538
2.12971887166
2.10667043916
2.16680675642
2.21478339288
2.07891632747
2.12981876724
2.16023626805
2.171876835
2.11272756042
2.16222683188
2.17267489285
2.16987664045
2.0331304987
2.24293850858
2.25714584499
2.18651009104
2.05734205155
2.1939019351
2.2457541425
2.26046890847
2.2265966865
2.29991731551
2.14217290372
2.16818098318
2.15389667539
2.22884290719
2.19353866284
2.2383458896
2.12552084208
2.13819784867
2.12529630626
2.12423272703
2.14227916122
2.21933138718
2.13826917248
2.11786340558
2.24487859102
2.21614786026
2.14182732169
2.1085446187
2.15286162358
2.21874409355
2.17944531279
2.12537708044
2.06709360187
2.22310039529
2.18243191299
2.17550465405
2.1380207407
1.99374084015
2.08631705209
2.22660946924
2.08892849698
2.14551319143
2.21555992559
2.20900983219
2.21140305056
2.16964187306
2.22117135805
2.24940760994
2.23158377575
2.23021025488
2.15129316546
2.26814900336
2.2561917629
2.10469402014
2.17522786486
2.16445176074
2.20151403196
2.07618914152
2.26465309533
2.13859316042
2.22342517751
2.10528443989
2.14813714168
2.12137241088
2.15341747158
2.12552760898
2.30820268686
2.21367163127
2.38839780956
2.14229145275
2.23741152439
2.13267411154
2.13211662629
2.10880499285
2.1924665689
2.12735681558
2.24491208099
2.15333756072
2.30632829919
2.2063947188
2.10446196591
2.22357135846
2.23462949772
2.07371607161
2.19505352422
2.17903319584
2.15540918687
2.25550433993
2.23507212187
2.12946250865
2.22736369957
2.35874683087
2.18202401963
2.17206373022
2.10912468128
2.1412891797
2.09290309997
2.1127133406
2.21007473959
2.21516332717
2.13030786064
2.13169781316
2.16312623906
2.18013356129
2.16668079713
2.24846115383
2.28445360136
2.24346508623
2.25197773915
2.18547210407
2.16476638175
2.2020067467
2.13169226747
2.19049459353
2.16666370455
2.13335034438
2.18648339544
2.17925595242
2.14954592159
2.13337829386
2.17596401608
2.127978849
2.17374557529
2.2311614951
2.22751263829
2.13447182683
2.17830747824
2.02479273507
2.21114056321
2.20759471452
2.21822538146
2.26499014431
2.2010795473
2.20737207425
2.25467673561
2.09622915908
2.23621305769
2.24690918645
2.16143238321
2.21498172204
2.16063478141
2.1105947988
2.09489630863
2.26353832107
2.15616295909
2.17388492751
2.2032686843
2.07417449276
2.10281617806
2.22347121941
2.14520093576
2.14346144548
2.06488463578
2.2085601666
2.00160955448
2.22022956957
2.1749185835
2.25567702138
2.28315677779
2.27842651197
2.17269409668
2.23880321828
2.15284422976
2.28136983331
2.18992992852
2.1944393072
2.1971750011
2.11832593571
2.28771439034
2.16995424344
2.1718306398
2.01261636326
2.030644561
2.2311994255
2.12178812583
2.25737793597
2.15947581706
2.22916902512
2.11736043698
2.19493682278
2.14170940506
2.15969393227
2.19748688131
2.13815161689
2.18949232476
2.27470884136
2.18508203532
2.15849361392
2.09709325418
2.13280805327
2.17602677093
2.2071633238
2.12816134412
2.16626987688
2.05942127946
2.22409203902
2.28299414617
2.16392503891
2.15444218208
2.25880151353
2.15592175135
2.20240206872
2.21122925686
2.19558919
2.20177746919
2.11048121808
2.23392482208
2.18622083375
2.16813408062
2.1242787348
2.16993017651
2.15654716064
2.10447603353
2.21051844245
2.23627685337
2.23426839569
2.2625883385
2.17065861694
2.23778448486
2.20005927994
2.11969999041
2.17936985384
2.13565937065
2.14796589578
2.12853205194
2.16490088447
2.23659444178
2.18178792598
2.27010367417
2.1120444526
2.10347926694
2.21803470513
2.36199097762
2.24901487706
2.18013411821
2.17788835619
2.19044025481
2.1203326445
2.23913450427
2.20261052978
2.2001005936
2.17745212585
2.0669806575
2.1112849941
2.23927624311
2.08203337465
2.18840399628
2.08914654765
2.24081391199
2.1320485363
2.19721862279
2.22752588884
2.20134159063
2.10702488291
2.29311688115
2.30177226717
2.1545587007
2.10726576133
2.20079847428
2.15459769924
2.2051509432
2.05696307752
2.16057012271
2.18315189667
2.26954016021
2.16555867377
2.10820698352
2.24229998667
2.14266471758
2.24971530882
2.11559203459
2.19668517189
2.32848816667
2.14813020717
2.21054462196
2.17386914775
2.05654179457
2.22975305521
2.14033496404
2.24428969542
2.26091412451
2.18234844965
2.22720671038
2.16784780319
2.13286838603
2.2453743849
2.31481315229
2.14537836747
2.15127067962
2.04847023879
2.18829727356
2.18773485001
2.03715035989
2.29439031511
2.25471429472
2.26447120114
2.19908989288
2.18653002304
2.16480448493
2.17251846633
2.06779449778
2.02363479206
2.17731751323
2.17097737841
2.29470569435
2.08355772053
2.27023966394
2.16821857597
2.07955931394
2.16380922061
2.17421795428
2.20163259593
2.292763059
2.19503012483
2.13808639225
2.10432891833
2.129062401
2.14865361142
2.2515169652
2.17286475092
2.25498376162
2.29905911074
2.13027940106
2.14947393975
2.2031111361
2.23771311256
2.26716605292
2.21838706359
2.18205667545
2.25897054687
2.21243944358
2.25938302858
2.17316517889
2.14748166439
2.22835230364
2.06265826352
2.33834601929
2.14718368686
2.13814747571
2.20574687966
2.26774337905
2.31044042954
2.15939421823
2.14405668195
2.31128517168
2.1618249449
2.0895031614
2.1714495129
2.12397004112
2.23026116973
2.14909527565
2.05775900223
2.11619608975
2.27677449836
2.16228630897
2.13975340649
2.11082758388
2.17316510132
2.22101212389
2.16655471378
2.12087513763
2.11217178115
2.18692204681
2.22718355571
2.18522059449
2.20003828458
2.1597155222
2.21840362876
2.15786583974
2.16552766375
2.17940167698
2.26610734462
2.28202693783
2.27238466613
2.15922281433
2.03197016381
2.09796728655
2.07372150427
2.2411433422
2.16137257223
2.2085579604
2.33336163229
2.13990244029
2.22429857838
2.09787279809
2.25995581928
2.24894025057
2.21743946541
2.16426810334
2.16022349157
2.12084696384
2.12629634376
2.1563392701
2.14734744579
2.10738049841
2.01107991138
2.27186654295
2.26726227631
2.19459843315
2.16825224407
2.16512634575
2.21744826452
2.09002323401
2.31553008139
2.12779955954
2.18328952228
2.27320480719
2.15449169485
2.20801194217
2.08500836097
2.18320519616
2.11094029062
2.08153266921
2.23189544394
2.25694949021
2.2986071196
2.20650938172
2.21614484376
2.28262823004
2.2434263683
2.15020645123
2.08095422074
2.15938801208
2.2613706438
2.13901498062
2.31599651985
2.15815912711
2.05462947241
2.19684013879
2.29230538768
2.18601439579
2.07791221803
2.12801479938
2.37122780976
2.16463456609
2.12089571319
2.27561236487
2.06705151401
2.16293222113
2.30922614955
2.17333203002
2.1192547199
2.27759409554
2.19031343801
2.18350191244
2.08976025529
2.18391862918
2.21286434843
2.17067115533
2.32037587233
2.14279516303
2.18026778335
2.08675062459
2.15601004236
2.15259960308
2.06090778042
1.98464221752
2.15671400265
2.1867558732
2.25545930608
1.99107624437
2.15533018463
2.17756083769
2.22816126661
2.3511879454
2.19250336492
2.12315432406
2.25152660625
2.15306577537
2.18077482898
2.06464613749
2.20409622432
2.22697863219
2.20148636176
2.13302072817
2.27931984097
2.1388107006
2.20411949204
2.21570162931
2.12938697825
2.22808672743
2.17127698966
2.23153459348
2.16474176919
2.15510642621
2.19957175236
2.1328311905
2.20677962462
2.12066940267
2.15585943564
2.13402517712
2.21340331194
2.22013000707
2.22414304307
2.15720604762
2.13824721666
2.26390530748
2.28328938175
2.16678157679
2.2636660547
2.10105935423
2.01836249017
2.20985704467
2.17837124474
2.11249530652
2.16180206375
2.21703854745
2.21371335194
2.27588651945
2.1306448846
2.14891049993
2.04198523401
2.35235118512
2.16076365899
2.13534567566
2.31934888649
2.19926618749
2.26820413745
2.12501639367
2.18228062163
2.31492562094
2.15747602755
2.24230479737
2.14528735313
2.15457247536
2.1821420857
2.27380303707
2.05262364424
2.1713001771
2.23453088706
2.1599660032
2.16471558401
2.25935859188
2.16133182817
2.05101289267
2.12836132052
2.09625417766
2.22482789935
2.26853881214
2.17293642653
2.15633488593
2.13864596673
2.10516909772
2.16054527632
2.14714986228
2.27690532696
2.30773531156
2.1310575063
2.15622127937
2.20021695618
2.10503376705
2.14878787071
2.16251344124
2.15247318025
2.17910873885
2.27750032568
2.19310646828
2.05270086607
2.19358743912
2.27828952271
2.1567824066
2.22535457494
2.28027658743
2.12098016843
2.13309445262
2.14229568497
2.19299988295
2.05050005325
2.08796589678
2.16696247187
2.16883618456
2.23883702263
2.21492964783
2.1195165007
2.11973518915
2.12977510935
2.19041162597
2.23614300376
2.10591102667
2.09534344281
2.0500117076
2.1210406396
2.20673634059
2.10081759031
2.32242292479
2.21824955796
2.14402803214
2.22243283624
2.11110282615
2.25210331611
2.07332247193
2.22900415581
2.11728955219
2.19502986948
2.18303175015
2.16617533107
2.18125342034
2.11088930791
2.14608319523
2.13695882778
2.18921374118
2.19784665471
2.27980141362
2.26233612037
2.10739035262
2.13213052461
2.10128258413
2.24722403921
2.17711366241
2.19540181381
2.16573073468
2.07326062728
2.13048166889
2.14541248107
2.16430277774
2.29368679906
2.05891168381
2.20311787215
2.07932232479
2.10039434562
2.20164128884
2.21495814372
2.18850769623
2.16447196374
2.11839009123
2.21550757644
2.04292726215
2.14529507703
2.25163756616
2.23292092828
2.00156446555
2.20279210899
2.05897351021
2.16124910867
2.26577226468
2.16701149375
2.16798720587
2.23304308339
2.22724327312
2.11304321113
2.17853414903
2.25786423292
2.07816148996
2.23954664959
2.17403402679
2.16842522239
2.21967869936
2.20491894746
2.24806699113
2.01008645854
2.11170064792
2.15136975924
2.13563786815
2.21867445831
2.251656397
2.09405325037
2.1419188539
2.17709378324
2.17365281489
2.21406280763
2.13615921216
2.27566040602
2.17346933469
2.20070039121
2.21512034395
2.16679201353
2.15603694419
2.24275173043
2.09219687683
2.20226114006
2.22792858131
2.10527713203
2.20270398799
2.25996479012
2.24744053296
2.19100595126
2.191170414
2.18296347848
2.12114398157
2.15384880011
2.09762258068
2.2835512646
2.17521187485
2.18871815832
2.19461451112
2.12804290744
2.10306112178
2.06432555851
2.16229451567
2.12587795203
2.10281154953
2.18467429309
2.26264470217
2.14981478883
2.25798944291
2.24237596611
2.23172647304
2.12189635213
2.16876564515
2.15015000939
2.16775179271
2.36641944106
2.19446190992
2.13187208761
2.1384337214
2.23662254618
2.235451943
2.17045503279
2.25246008145
2.13956149918
2.15297079223
2.25073323935
2.11077240935
2.18762474045
2.17511754198
2.25819936945
2.09730361567
2.13038628045
2.22849794754
2.25980637726
2.30805773024
2.27376207415
2.22485458637
2.02729462652
2.19795638301
2.20411335198
2.21256748731
2.14433910672
2.17790071832
2.27498253069
2.25708173406
2.18247326499
2.27098175324
2.09018628327
2.26027238197
2.20809599694
2.05717750285
2.34661004869
2.29644533978
2.27762999973
2.2429817795
2.11963943589
2.24584509026
2.22669129377
2.16326641089
2.12644765087
2.11496358633
2.24199424563
2.17891297217
2.20572307102
2.23650762403
2.12914496739
2.18244765404
2.11861884644
2.12283539505
2.2049232027
2.21352873101
2.21908719852
2.22770007182
2.15206869591
2.21805211003
2.22580458569
2.14922832615
2.14699223407
2.29581188316
2.14997927683
2.25250574127
2.23858744617
2.25907445749
2.17137733422
2.06763648995
2.01761817426
2.19299715445
2.1487467456
2.22011100866
2.066041124
2.18550400242
2.19998133371
2.25381730151
2.21960203327
2.26334967258
2.1108877728
2.27168483052
2.17601850528
2.32052673697
2.25660470831
2.1146476991
2.21805499826
2.07126818177
2.19088214528
2.09264887449
2.19968825762
2.22064732323
2.19476899967
2.14234391935
2.15921692982
2.16903082643
2.15455862606
2.15854953913
2.27621285358
2.18101050143
2.14546691442
2.11484769625
2.13335389159
2.11208816064
2.09532294152
2.25474586025
2.21190330379
2.15858429004
2.21409430805
2.16224416997
2.0618389629
2.28988188657
2.18908717586
2.14952078716
2.28843958229
2.1699611816
2.22328721905
2.15866905625
2.07340640093
2.23409184167
2.24262226461
2.22444620639
2.22502065658
2.28759049415
2.23355705243
2.21588862065
2.32540906607
2.21839377458
2.09990662873
2.21532817455
2.1451581653
2.15300248089
2.15060303812
2.19516061524
2.12354389156
2.12600118656
2.14858654096
2.25379752314
2.30164471653
2.24047561172
2.1495229395
2.16482559764
2.23193311916
2.16173027708
2.15693800327
2.19755766063
2.18682765575
2.07213345327
2.15558919695
2.23532133113
2.2491912837
2.13805883477
2.18310488411
2.2394679311
2.12722647075
2.22571141306
2.19056271221
2.13452686759
2.28155313678
2.2100041523
2.17801080437
2.22904982476
2.18442373356
2.16262828647
2.08403055076
2.11108926948
2.24063075562
2.20217460568
2.1230230662
2.19386177073
2.13755807467
2.21900567504
2.24746615353
2.10444480109
2.12705242393
2.12583004382
2.21901447845
2.12007365573
2.37525446463
2.19023667849
2.19481358436
2.15872921485
2.24833481023
2.18130623423
2.22878330326
2.19040308795
2.19804569403
2.20751199127
2.15724472035
2.08303921893
2.06539501779
2.14779676383
2.2163904493
2.08641339362
2.20078707658
2.16579042613
2.28870837697
2.25193567872
2.17012627772
2.15818967599
2.09497052408
2.09321151084
2.15339788948
2.13611799734
2.14435869519
2.17606057578
2.1816856756
2.35606213068
2.13966263425
2.22617581163
2.17184801885
2.36271649741
2.11140012234
2.16919515345
2.075107795
2.19559763534
2.26542596811
2.22345534732
2.17602969379
2.2663986747
2.12358138491
2.17113397682
2.21936432029
2.23701654592
2.22852630892
2.22741747871
2.21203920748
2.19420708819
2.23271621336
2.24702696212
2.18248642014
2.1184137699
2.08765079209
2.12020410605
2.24134124345
2.17949845999
2.18549679461
2.17629981178
2.11621163465
2.20391184848
2.26290371596
2.13888122384
2.18660313152
2.20308596354
2.19013372559
2.24339250944
2.28146779534
2.11169748377
2.0423375788
2.23148479684
2.22986736086
2.15505589885
2.22526593403
2.07782911124
2.167429408
2.10289681563
2.3415513972
2.30105907232
2.098667131
2.23571480409
2.1595038586
2.11529882668
2.10050474382
2.12114317837
2.15362367731
2.16227891053
2.14032868937
2.23230170395
2.13964071493
2.15484860747
2.19031126855
2.26691210923
2.21163668477
2.22938168311
2.18346327371
2.29757641869
2.20291626868
2.25756964509
2.11483915002
2.24801107104
2.26595711131
2.12570360573
2.11045393301
2.25438801591
2.09022283719
2.18204587708
2.17117787121
2.18668960352
2.16401177142
2.19053496462
2.27189550698
2.22043686877
2.25155371508
2.14724659254
2.13301220448
2.15177175852
2.30929589925
2.18516029755
2.23118339965
2.24331411908
2.15253206982
2.20621722072
2.21528123114
2.21718073545
2.01990843726
2.08929552778
2.2071472361
2.2413005636
2.18116882256
2.15344940648
2.26862926435
2.16101945107
2.09235214458
2.17835901884
2.26987615583
2.2897529509
2.34402800978
2.15998958265
2.19946168215
2.21628391499
2.28993501581
2.22560299692
2.06759659523
2.18114399741
2.22744654499
2.12378083777
2.28166914655
2.21364219813
2.1421056574
2.17475425394
2.11257325547
2.27934065146
2.10140473424
2.17924565418
2.2064120435
2.27212752539
2.04089018037
2.26769793988
2.14586417659
2.11170408602
2.15990606509
2.11636627092
2.22775854105
2.20338800035
2.14910997827
2.16206689709
2.1072657051
2.2046183617
2.21780598901
2.19319972583
2.20137284113
2.09771139633
2.30816572141
2.12562634939
2.21795139314
2.21203975984
2.21352262399
2.20872699769
2.15606501662
2.06434938768
2.21294630858
2.05502560694
2.17639153716
2.18145344792
2.28227561905
2.31981161359
2.24501562835
2.2081734906
2.1380066964
2.23234304519
2.19368944828
2.24998091079
2.1488803615
2.12631995363
2.12923794784
2.19770556889
2.18792160109
2.13843223918
2.11176211773
2.1722718601
2.21601238436
2.19964714961
2.11188749259
2.2382569429
2.13543680046
2.2272711759
2.24481700464
2.28041677144
2.04477366257
2.20531135286
2.18775803099
2.10538922865
2.1463363575
2.18886356273
2.12258469104
2.17734644437
2.19480020389
2.26322401491
2.12946789015
2.23219458143
2.12030369007
2.24003536309
2.1453168535
2.24955862819
2.22910392604
2.0513683042
2.20066307122
2.19578357965
2.27317762363
2.32169452608
2.1949256523
2.18485411044
2.14514489381
2.16195755679
2.2629194972
2.18910458861
2.19737415354
2.24990820221
2.08282518925
2.13025223284
2.24993423427
2.12323852527
2.31234069312
2.20405248023
2.14424327253
2.16095345794
2.1689020729
2.26788976479
2.13020787529
2.20880863749
2.11223506544
2.19453578201
2.12508631955
2.15741130045
2.29659563893
2.09613009862
2.34384380773
2.16536783653
2.20255465437
2.35342435724
2.16210027767
2.16301116119
2.18494807157
2.09247892649
2.23453098968
2.0633093757
2.10901438815
2.27486002297
2.13395289069
2.16398067769
2.10435374143
2.27554040655
2.16676611605
2.25753600199
2.30868477156
2.230391136
2.28126648714
2.17232921228
2.24067941709
2.20958069176
2.13529898519
2.24209807967
2.12986414199
2.24760939927
2.24116407746
2.21165110583
2.07571866062
2.15957111549
2.13885383986
2.09292823204
2.15189422273
2.23778251323
2.21360764387
2.17712664354
2.10953677752
2.2147584559
2.12170554066
2.29945451056
2.21255477961
2.11516337174
2.20629265515
2.31473790058
2.10922452256
2.06704553942
2.24862511498
2.27433230678
2.26000618894
2.04345424605
2.23682831091
2.27966787837
2.14651454298
2.14058119643
2.17674622912
2.17001788075
2.21737394508
2.18693300229
2.1063546978
2.27610349212
2.10138433107
2.08827991218
2.21740747808
2.14075511006
2.15011250998
2.15288508611
2.20783052563
2.10260204695
2.16331580364
2.14692779954
2.27641625516
2.24214039332
2.25464794824
2.07484920806
2.20812996445
2.21577756015
2.19390776962
2.21719054462
2.15321999207
2.29618236946
2.24348527306
2.1106491654
2.23628740389
2.17020107325
2.19422181673
2.20436611879
2.26025971503
2.08805902477
2.09777017627
2.11459972554
2.14434520251
2.19199605228
2.17521774427
2.07530775458
2.14413515248
2.16554560219
2.22839526114
2.21059594866
2.127482037
2.19798244962
2.08034198359
2.24905317799
2.18799778842
2.13801670449
2.16660741055
2.2351068551
2.12807503148
2.34379037404
2.12417964564
2.11295599897
2.29480748584
2.14176543118
2.14142256299
2.11076911254
2.24726528905
2.20734229742
2.06002289304
2.03274455288
2.07640778471
2.07861716952
2.25826222425
2.16944770924
2.18047281586
2.26048305004
2.18706653817
2.076341441
1.99295882245
2.16883032697
2.2045294601
2.11453827379
2.12483353411
2.21619221508
2.15929208663
2.17051470153
2.08875557344
2.16451507605
2.27847951148
2.15952805701
2.13333564962
2.09974175752
2.15413684371
2.28380423592
2.26231642311
2.17847542615
2.24188941139
2.04974747582
2.13011963731
2.01674170134
2.22368901633
2.12371973495
2.19293593294
2.19095584794
2.11630297478
2.10623931659
2.16129037469
2.14854442952
2.16107557232
2.17656306911
2.2343049863
2.25334087901
2.08608599604
2.17307675306
2.21347719336
2.29378883205
2.15190216641
2.24330053648
2.09353941411
2.0782850896
2.15363341162
2.10041659873
2.11073036589
2.0619026333
2.16859818145
2.21509585607
2.22096038305
2.29794504646
2.14195798693
2.20458134315
2.2116000516
2.14079294708
2.14619971596
2.09623892708
2.16129231952
2.20598881382
2.21775006539
2.11712124081
2.10750182908
2.21992630219
2.11510106148
2.21536793644
2.26330710078
2.22394836763
2.20112784638
2.24210492811
2.20177195565
2.13387438688
2.23573711101
2.21855977994
2.17079445472
2.19795874389
2.15454101495
2.161296649
2.15998655626
2.13873751249
2.1680527191
2.29530728524
2.16727492052
2.12722258683
2.21695624434
2.33916054986
2.1236156537
2.29846995009
2.1283107892
2.11531459012
2.15050750267
2.1138064186
2.30916607369
2.08474604774
2.14525686538
2.0303311351
2.11272656219
2.09967817874
2.14293195115
2.25980977179
2.14675491061
2.22771404615
2.22162454475
2.30233883646
2.18454668572
2.19777038098
2.25004556748
2.23576991999
2.16285446133
2.26287698449
2.34604794995
2.14417054123
2.22413182568
2.1065567246
2.27914775482
2.22886044018
2.17759397869
2.18206379877
2.1506913233
2.15292568054
2.14479528564
2.23922891545
2.07147552999
2.17004027047
2.21453667359
2.21498564522
2.22024443948
2.08238146735
2.17274521421
2.15127488762
2.25764425418
2.14637847617
2.11499123979
2.21486593251
2.14095989296
2.06364126669
2.24631598802
2.18474808906
2.15982939178
2.19528394502
2.17001174689
2.14735447655
2.14782235924
2.10950306077
2.14294012616
2.10922962569
2.18918803547
2.16927420389
2.22753476438
2.15012547041
2.29380059408
2.25693256501
2.17548722859
2.19522068475
2.27344995712
2.27106538683
2.22546521621
2.12225818547
2.10166844151
2.1013726375
2.19079053047
2.23838916486
2.19298322589
2.23019968944
2.31126014707
2.15052914572
2.17429040557
2.14206587739
2.17302834782
2.35202834503
2.14832731753
2.3110696973
2.132427718
2.18374292532
2.06554259711
2.19006357297
2.22493303589
2.3260284004
2.27218309822
2.20745710275
2.13847524971
2.21225857412
2.14588694107
2.00520072028
2.16423371607
2.21932438087
2.24936483656
2.0940329745
2.04121792917
2.12811507746
2.14846784534
2.21503681673
2.11133788908
2.27061808017
2.15734438784
2.27445620515
2.14329387779
2.33829084119
2.29935458363
2.10760286143
2.19761856748
2.20096976154
2.28331295942
2.24116858208
2.16442204648
2.21641755278
2.07989142466
2.12642740133
2.23693134448
2.10650314228
2.12439515374
2.26603459919
2.11017125454
2.28517290513
2.13855934135
2.06655844272
2.23884645652
2.32236685609
2.1355975777
2.11206031522
2.20946462197
2.29444901927
2.15797201761
2.01754418497
2.31355032471
2.19799023179
2.2814083228
2.22256866176
2.15655563879
2.21958487862
2.09407417164
2.15888526017
2.2819773801
2.14718737611
2.25030664049
2.1494631195
2.14370826994
2.2017471538
2.08755853932
2.16421254038
2.20298507532
2.20933150206
2.19003266981
2.16343388227
2.09889142115
2.29248186708
2.15556364411
2.24446541412
2.19069967889
2.12488416093
2.12246519929
2.19207299309
2.16971475916
2.23732789775
2.1597448979
2.27443991159
2.15437108398
2.3090846808
2.22545598415
2.23796690224
2.18662755047
2.20892864553
2.05871002269
2.18652333985
2.13171299572
2.30644028561
2.17411549576
2.20020974258
2.12159847496
2.19158185976
2.21903130414
2.01378510005
2.19589399848
2.08175787407
2.06356033444
2.1519919708
2.27873451944
2.2129592073
2.1602304111
2.11759970483
2.30541806695
2.19843710885
2.24506031548
2.25072914679
2.22965391072
2.12666918391
2.1694791801
2.17477951083
2.20091265494
2.20681915185
2.26498854202
2.14174802848
2.15325685018
2.27598619629
2.19501463493
2.11090273748
2.16859954511
2.19393479185
2.1833889331
2.03924054924
2.24114231442
2.19892954224
2.22170199895
2.21397611609
2.21321803756
2.18391934703
2.21957832346
2.26076857232
2.1575594024
2.16727759956
2.2434074361
2.13062728109
2.17495836412
2.2016042992
2.26891726865
2.19656576394
2.11753315598
2.29620997086
2.17718150433
2.1189065418
2.0523051264
2.11821616688
2.1611047434
2.21827546323
2.1671896911
2.19974666595
2.21430209077
2.16540755319
2.19642806494
2.18583522004
2.12412872577
2.12153374032
2.21629804578
2.20329849563
2.17808666274
2.24090149231
2.26641474372
2.2372512135
2.07680445912
2.09322261246
2.2701738233
2.09499073065
2.20354358736
2.33842768779
2.2932486284
2.14864060423
2.10006838772
2.10816938809
2.17754800824
2.1308024739
2.13557062669
2.25303019032
2.22693082233
2.1937979856
2.23119545192
2.30783633162
2.19457714911
2.11972020087
2.02619463594
2.09949845189
2.16019146494
2.15297994381
2.03240427508
2.26489895687
2.23863678797
2.25461875903
2.22195970965
2.20470841912
2.173877031
2.20672517199
2.26133441654
2.19392017206
2.2192927752
2.17712583154
2.16378217806
2.11407215009
2.01075208239
2.17425366684
2.08918267241
2.25188284092
2.25660112298
2.09099988625
2.25386476537
2.16623172908
2.19104329867
2.17423449524
2.22114004978
2.19708099827
2.19766103485
2.22131779927
2.17925909864
2.15649853943
2.15511293452
2.18332171323
2.02754617815
2.24436578239
2.10872130369
2.2263186572
2.17979500515
2.19032891245
2.19649664658
2.11647195176
2.30516711739
2.20940335088
2.15965315811
2.21483127004
2.2919922695
2.18184107865
2.05521351875
2.22836679031
2.04094572413
2.18157947374
2.12714850752
2.20195197317
2.11216750905
2.13410950331
2.13161376994
2.14901696432
2.17608420873
2.14668407973
2.1054193749
2.1062116469
2.04671254146
2.18384825935
2.31506139837
2.26168929166
2.16960572057
2.09200313938
2.12144272517
2.18051603135
2.1789255226
2.21528208365
2.25775032233
2.20742309153
2.21577391573
2.15102175013
2.22737178346
2.21811706137
2.14310613887
2.14865083727
2.13190947244
2.34866475829
2.30027503437
2.16478041274
2.33209825511
2.19379328095
2.14507507504
2.20798646424
2.28885088908
2.19892106769
2.19595468411
2.23821729484
2.16786219386
2.23842487326
2.11235593722
2.22455346884
2.24279152493
2.04719390536
2.08701302649
2.19781328358
2.13883767232
2.19391791008
2.26843186812
2.12557333341
2.09475632794
2.16799513161
2.23245222342
2.26607038709
2.15124848678
2.11026007624
2.22934612283
2.13872971974
2.20762980702
2.21323908961
2.17134780896
2.19447574554
2.07684041217
2.18256461628
2.19691011408
2.28683616102
2.20891817581
2.10222009097
2.2672741352
2.21713084991
2.07449890508
2.19639775372
2.17785927396
2.17955168671
2.14262061086
2.10279604232
2.15542770758
2.22214817874
2.09840841876
2.35115048238
2.16750340115
2.20885482048
2.08875454878
2.10670796135
2.13655274781
2.17309745526
2.17251320786
2.1275299882
2.27693687738
2.15342964023
2.16933094443
2.18825491198
2.08453521675
2.22001037505
2.17453564168
2.2265104799
2.13573996381
2.23864809193
2.31271544894
2.13294503239
2.13419545331
2.19007071398
2.22329640764
2.26939301611
2.18814859574
2.09302657368
2.12684814544
2.15771654306
2.25318292573
2.21730828287
2.20143796541
2.13652913229
2.0990375017
2.126509283
2.18900733729
2.10818280175
2.12919307017
2.34357880903
2.31295101251
2.16512475081
2.15974497466
2.34154679582
2.0745722297
2.15876103428
2.09418991251
2.23735311468
2.21609470545
2.09205074164
2.17596693029
2.15957312872
2.12435394714
2.24919321252
2.1032145432
2.12949238016
2.25325835542
2.1741012615
2.20783263129
2.12703620304
2.20514308249
2.14145781382
2.26201109726
2.24799578802
2.14802036266
2.26759189764
2.17101284685
2.25730301544
2.24282590085
2.07175540201
2.14366325863
2.07641178151
2.23897090381
2.17611340199
2.17260850121
2.11276114253
2.26058437311
2.38463600898
2.23546788594
2.17171430404
2.08063195223
2.15969401898
2.30054932374
2.1338855931
2.059248785
2.18354374704
2.11655087977
2.18757808055
2.14464875762
2.15858357573
2.18425379357
2.11196281961
2.34620316652
2.19976535199
2.22446117165
2.12503407926
2.13500412108
2.19438869809
2.25383766564
2.27594717262
2.25047289892
2.17140308748
2.13775369738
2.22567674146
2.25963451949
2.20648791278
2.26418709627
2.18414647254
2.12309874116
2.1547012942
2.04597159047
2.20407986623
2.08497453213
2.19145010099
2.14101254212
2.07284855934
2.25098417968
2.18783830918
2.17390467915
2.23310641462
2.09661724699
2.17470621549
2.20773879589
2.11784052993
2.18538108288
2.18715393662
2.13511001677
2.23406357465
2.2624258671
2.17355159859
2.30411276028
2.1855415639
2.06700914636
2.12148269621
2.20765551813
2.24858230312
2.21702659545
2.16954934291
2.19557281127
2.08188833067
2.13245189288
2.1722327988
2.12979049539
2.22073979324
2.18362115237
2.23668295088
2.12763448056
2.18590882483
2.07963048292
2.27801570687
2.14999702891
2.18335542301
2.10918791469
2.24957571916
2.23762066536
2.10143746042
2.19928799804
2.2490106907
2.34383968261
2.16884700352
2.23896105034
2.09899539867
2.10275146629
2.2283172184
2.2652730934
2.22910471275
2.15148029793
2.29570763527
2.30097507322
2.14973095826
2.10937853428
2.10966227492
2.24597467063
2.19122315752
2.24301486891
2.2420909102
2.20640361633
2.17777862294
2.15762156082
2.20544705055
2.17460265575
2.15566538278
2.29120977219
2.1104734148
2.14346446709
2.18187944374
2.18441343401
2.11675689219
2.13852726694
2.09637057155
2.1403394273
2.0909118448
2.12006466891
2.25855240942
2.15694998326
2.19418877547
2.19275999357
2.12811516735
2.13654265027
2.12338938843
2.12019930788
2.2661151261
2.28720510232
2.11893944778
2.14002918659
2.16895092163
2.27503272451
2.15132689108
2.12415311073
2.09449009346
2.16945961757
2.20778638083
2.14191235138
2.32286741392
2.16924211156
2.3099496903
2.09233340937
2.18815264652
2.10447336417
2.174836367
2.20591013336
2.11783182282
2.1078068867
2.10307412128
2.15995132577
2.09096367012
2.16656649299
2.17542451819
2.1613087854
2.18919653228
2.17197697444
2.13583998711
2.16228107882
2.14532660343
2.179593029
2.08324554735
2.08502796927
2.23740116269
2.10027005651
2.34025794035
2.21443040144
2.18404629775
2.24980581371
2.24104073639
2.26766778957
2.06602641205
2.2268939286
2.12347678611
2.18257979934
2.07475688758
2.19158059108
2.25752528686
2.34013804371
2.14400017239
2.16491312641
2.17637586396
2.08472802099
2.11289743247
2.16379389939
2.15024369568
2.21363102501
2.25011523144
2.18047739988
2.14448143261
2.12523610134
2.1616159798
2.10811849397
2.30089165114
2.1979478828
2.12941848377
2.28279504854
2.09765277896
2.23066532362
2.09926154485
2.17566297077
2.18067281933
2.11811628832
2.18407172406
2.11911167107
2.25242479922
2.17988708341
2.08877399809
2.21178689146
2.10372720711
2.09121842992
2.20976057668
2.1486998607
2.27192432638
2.25505718323
2.13474781288
2.13422223529
2.20996645438
2.26699387532
2.10418481112
2.18048701916
2.06712565977
2.12367912682
2.20924945203
2.15117845297
2.25656567533
2.0947822497
2.20040853471
2.1859341273
2.19456307909
2.13485637248
2.24007290414
2.1841316415
2.07263287192
2.25288743627
2.30951522059
2.1541684926
2.16334967418
2.24133540684
2.10063078544
2.26420837737
2.06057116324
2.18335610328
2.13542476534
2.13361031437
2.38445229131
2.15924617406
2.19263673285
2.22673780854
2.00918184532
2.26606333374
2.08292013745
2.19631009139
2.19283064754
2.18731833235
2.22622774155
2.16816329017
2.14232330754
2.18349917811
2.19210814961
2.17203287481
2.22978046205
2.18917513953
2.13935309407
2.15510639207
2.18705923426
2.30063400977
2.11812113122
2.16605381868
2.14767877845
2.08953963463
2.14042606688
2.09284306546
2.09237256309
2.22064156673
2.19857018828
2.19129065378
2.21059524001
2.15993770623
2.14559943369
2.25490030829
2.17439355792
2.26971272275
2.11466565426
2.16901666377
2.18504497074
2.25708400579
2.12038761178
1.99488701345
2.29948706116
2.21150205314
2.10819443752
2.24087478775
2.24834773707
2.15916470345
2.11119570865
2.20394501929
2.29143551852
2.13216019097
2.12983002825
2.14834295268
2.1734812944
2.29739985161
2.13039001416
2.14971427155
2.22222008498
2.2473282574
2.1483421586
2.14179484288
2.12008844866
2.25384750657
2.17679445978
2.18870494689
2.21880334744
2.17289228658
2.11522382397
2.25173812676
2.19236546358
2.15751269692
2.21303924033
2.22182563605
2.2693230429
2.22751863958
2.21608332357
2.21486926002
2.22427746809
2.19976922014
2.15628653009
2.13576048211
2.15280016432
2.26329413159
2.17614978726
2.06618406012
2.18245098068
2.07958475591
2.22407618678
2.17124044591
2.15629684368
2.17829902589
2.25278227176
2.26666927732
2.12453117531
2.15561406627
2.1428012771
2.22793995714
2.2031303584
2.22803256043
2.15972872462
2.20172117561
2.17420005483
2.11406964914
2.38159657735
2.25259048636
2.19938638759
2.20046010095
2.15051004172
2.14759407488
2.12587617815
2.09362226134
2.20127651223
2.19513274542
2.12491503779
2.08405049638
2.30200559665
2.10278983418
2.17722099675
2.28882365829
2.12615807845
2.10878616003
2.3109018938
2.37383861219
2.18915329504
2.093831639
2.17954250439
2.03087526413
2.26935591662
2.20548269559
2.19455580892
2.10719082387
2.14764976489
2.30220037962
2.2611750457
2.17200496456
2.15989353407
2.04010610424
2.06371557811
2.2346440294
2.21826164979
2.08898324405
2.14992876115
2.19223215668
2.18697660798
2.23075725201
2.04744855125
2.15626758574
2.11155569613
2.12623941437
2.198603564
2.18353364554
2.22701695661
2.17238812571
2.30275034444
2.17622128341
2.13944844295
2.2079838704
2.16043959643
2.20495364647
2.18765274868
2.15047103973
2.24912694629
2.25248913755
2.25658830623
2.1641145365
2.1743735122
2.26962522694
2.24811462749
2.15257400449
2.19795917459
2.17324506249
2.05823440236
2.05937476369
2.25553903715
2.12566881067
2.16956124093
2.23401908015
2.16504548245
2.16239990354
2.22144426531
2.12913727164
2.16684975317
2.27166610107
2.2337498418
2.1862196634
2.20999613441
2.1145367972
2.21764504418
2.2790127469
2.17891533667
2.15445361045
2.12747286717
2.11767371927
2.17375227565
2.24960532232
2.21946567765
2.24754560339
2.07079154228
2.27541413381
2.18655757093
2.20360009802
2.14359179167
2.25464176697
2.19590959889
2.20356715796
2.13786106799
2.17309653828
2.14791835765
2.12039252085
2.14802033313
2.11636243663
2.28622513987
2.1775292785
2.31734463373
2.19760298857
2.26716727141
2.09769999834
2.22623955775
2.186333023
2.22727425442
2.11627093887
2.09815423918
2.16562662025
2.20556630977
2.20106487484
2.32236512179
2.1269993948
2.19125579871
2.23817818624
2.2640238204
2.20352334488
2.14847826708
2.2778791289
2.15312291992
2.24005967571
2.15462719873
2.2766026393
2.2768744486
2.18607730843
2.1220139503
2.14353450625
2.26265041019
2.20379461774
2.26371442937
2.34305122317
2.18040195668
2.19808682416
2.25150950555
2.13242334003
2.23021739192
2.12574330107
2.18214847789
2.08726203547
2.07723722403
2.19181201026
2.18305659663
2.17398585819
2.05978711185
2.09929822015
2.17267330821
2.07750198718
2.16468329765
2.24385395061
2.14592482732
2.1569571848
2.140180554
2.16414770579
2.21118760546
2.35015255524
2.1039093016
2.11695673968
2.18106364221
2.1606135591
2.19804591007
2.1912776592
2.19489379867
2.30862929271
2.22108397785
2.19485686673
2.1269938286
2.13428449135
2.18494767495
2.24151208755
2.21412866058
2.04495924749
2.14821157601
2.15409754534
2.18302536674
2.25311349103
2.12402678114
2.26638363192
2.21418876769
2.19757300598
2.09932731402
2.20087639844
2.08105862393
2.19020999964
2.21934955277
2.28895511932
2.1833336028
2.15661597152
2.27814441164
2.21687357596
2.14655324466
2.18286524672
2.17441708638
2.14175722501
2.1871087568
2.22425055335
2.14754921209
2.15089891675
2.27038423214
2.25511328454
2.21834720416
2.14657507205
2.14424481673
2.13306184571
2.16993678208
2.11947246331
2.21945989153
2.17041046335
2.15629797681
2.17811222907
2.1734816067
2.17793671658
2.29265671892
2.14119210193
2.25290440838
2.27935797986
2.27351271557
2.24995037149
2.21778749195
2.2379219133
2.1946698891
2.19367053733
2.14538995998
2.14476525568
2.18314303174
2.18003954985
2.13333373699
2.26974256738
2.23401067674
2.11017828644
2.17098380218
2.23333975767
2.10217202877
2.24917472104
2.11656549379
2.19675078638
2.19027996865
2.17457892743
2.0910027489
2.22787811349
2.19267527511
2.03578468162
2.23636611547
2.12029287079
2.16194667174
2.21324466387
2.09981471755
2.34406556819
2.11732581625
2.12770449383
2.32910607081
2.18887995251
2.20904958076
2.19869395729
2.31159795608
2.15423863967
2.21878886102
2.22553050486
2.27940446856
2.17097030673
2.18332470209
2.09277319209
2.14039487832
2.18341780608
2.3284844968
2.2421781989
2.11004219509
2.15576959406
2.1624022616
2.18734347543
2.14427556315
2.12113725211
2.15764607341
2.22004041166
2.16131390604
2.35065410488
2.18812897463
2.14360715029
2.10240777847
2.25035193907
2.22106962805
2.22801911017
2.21857111206
2.10507180971
2.26230743726
2.21152526298
2.20618029576
2.10287436658
2.04030736049
2.16916822041
2.17295241581
2.19853163127
2.29149838871
2.10946952533
2.0944718766
2.07825044388
2.19912267546
2.20040312207
2.23759979944
2.23578679354
2.25453029601
2.19760702484
2.28664541522
2.20699550038
2.16610813732
2.19037153866
2.13938981397
2.19981539137
2.23879280289
2.28099960168
2.20634281964
2.29142442307
2.22546837506
2.09994858268
2.31527512831
2.19538112046
2.19861117119
2.24909810691
2.05637909605
2.06412913119
2.25068686127
2.10443961312
2.2073756233
2.24021864257
2.12098877497
2.19338493797
2.32955004208
2.16858068187
2.17730710644
2.17182888577
2.23909850116
2.11583035612
2.25414328787
2.2389995934
2.24911631525
2.09704488746
2.21273106984
2.17993065972
2.27754590315
2.15281383475
2.25741260654
2.12375665299
2.07780392142
2.10988195805
2.23867887611
2.25666062206
2.20479119415
2.16239219743
2.10273814339
2.14378977861
2.1712052551
2.1208227247
2.17787789301
2.14445085964
2.15239804962
2.23490012033
2.15614462101
2.16916401381
2.09590961986
2.27850341458
2.19559866265
2.10645034349
2.19249635514
2.10788689341
2.12967826531
2.26019457843
2.09784089886
2.14128495846
2.15477402079
2.32551198902
2.29859964655
2.20394847435
2.25698116377
2.27753517961
2.03914505166
2.18270100848
2.18318081265
2.19660060395
2.2482816707
2.10709399651
2.08390860678
2.07249411683
2.15303860088
2.19994237751
2.23328255939
2.19287306725
2.11875615472
2.08703143685
2.15306449724
2.22358978791
2.18456176977
2.18818697312
2.24981544525
2.14100942165
2.23060913817
2.29959985757
2.19287105318
2.23031320913
2.17478330376
2.13416940264
2.22994001914
2.24044456902
2.25322986812
2.31124886001
2.19730492691
2.05645272992
2.20300348552
2.2048389286
2.16141111197
2.21872622742
2.16139126048
2.12951595274
2.07400840511
2.24174565049
2.30815415024
2.18292344346
2.16691205805
2.10831951238
2.1955442481
2.04344269971
2.16044984829
2.21566237697
2.20237132361
2.12369520296
2.12323856835
2.20539950503
2.11246286727
2.29750631739
2.22836120782
2.16303555117
2.09925953677
2.18734096725
2.1419451456
2.25387302077
2.2287319683
2.22347107204
2.17674494112
2.1027139135
2.078207288
2.2399043975
2.31878120228
2.2176525966
2.08319590435
2.30217102959
2.22724676822
2.24927567438
2.24165759897
2.17399396785
2.19633364886
2.038016763
2.19150467833
2.1481655256
2.1707750263
2.25522719358
2.13437500348
2.16126996512
2.15854047885
2.25687499129
2.08181798455
2.25779077674
2.32010926834
2.15764385807
2.19330680823
2.09738776675
2.18780462009
2.09145185777
2.06093435955
2.13312817928
2.25002868629
2.09420336456
2.13315272418
2.29751968615
2.14733437898
2.19930000131
2.2717965353
2.1489041267
2.16421312181
2.18145942773
2.12679010669
2.14605878485
2.24485911546
2.14165409522
2.31585819527
2.19896942938
2.19528245178
2.21935809488
2.12372976848
2.22276869812
2.17060812248
2.07995086498
2.29931749779
2.20402337937
2.13060360343
2.23183461593
2.03943497996
2.15455283373
2.27305591175
2.29896814238
2.25630730539
2.19653965664
2.1424414214
2.25424586601
2.2331206299
2.13768073834
2.10244783519
2.17037530324
2.18466004354
2.21001969011
2.18632076719
2.08924452305
2.1887115764
2.06769615275
2.16478480302
2.13562334949
2.09638991362
2.09106285233
2.24653802137
2.21495372795
2.10358679295
2.11838942597
2.10976238685
2.11640652126
2.09560983688
2.12016617918
2.1918925366
2.39814007326
2.10512086964
2.10234514237
2.4014054959
2.20602087157
2.07900752228
2.15012323557
2.12169065929
2.06686110734
2.2529082711
2.18736367673
2.17995039041
2.07199471863
2.15833671795
2.13845627616
2.34683124054
2.13644502617
2.13564912837
2.24005371015
2.24238843907
2.24267813021
2.12660332554
2.21399504062
2.15368897177
2.25198316104
2.26560300377
2.22033002691
2.19364455522
2.11925156436
2.16090553141
2.16891254327
2.14105254535
2.34439349861
2.20583229016
2.21747748676
2.17646319007
2.20623772037
2.12503440743
2.22542758769
2.10517459344
2.17078727067
2.25053310596
2.21460783347
2.18958560882
2.00857362894
2.25379373645
2.22824809658
2.20403066542
2.15792810544
2.15070989325
2.27737409252
2.15837856963
2.2719592418
2.24019845135
2.22368745971
2.16152674906
2.13665591123
2.11394555785
2.11200830857
2.15865205893
2.28432786444
2.09581449875
2.13613029955
2.24114063839
2.25810650103
2.183753119
2.03216254824
2.13032556161
2.24167059289
2.20333906896
2.23666434258
2.32099092452
2.21431196071
2.14822357756
2.27026471261
2.14425003286
2.20225037551
2.1043527754
2.26790081009
2.1130291409
2.25915901809
2.29840769865
2.09381296859
2.25272280437
2.20009881884
2.13455104724
2.14712633034
2.21504782577
2.08603901415
2.13597279053
2.2418166492
2.04938908827
2.10757599125
2.15705607045
2.06957887803
2.19292255365
2.21058428768
2.14032395272
2.10762343349
2.09607584407
2.17637892155
2.25867566171
2.25185680248
2.1900182413
2.21720318724
2.13622728031
2.23266764291
2.14453111706
2.15460893418
2.22009223092
2.2020161399
2.26018574144
2.15183500389
2.19404414093
2.19711970958
2.29384760043
2.1432366205
2.18644177031
2.06914679044
2.19118421442
2.10452432499
2.06444397384
2.02467372638
2.08961329169
2.1379000573
2.20302169446
2.17636562054
2.07492415431
2.22781681003
2.21429776483
2.23604678043
2.23194256926
2.16628182928
2.14550745392
2.19098878098
2.17493739134
2.2237228897
2.19772607161
2.20552645479
2.24074074367
2.30760811568
2.18459455616
2.17407183447
2.18901590268
2.19137417493
2.19670285344
2.18572732495
2.31526642565
2.29335775277
2.1356125567
2.13454172513
2.13979007843
2.16306951536
2.16657903582
2.14194654856
2.3132406562
2.19589850523
2.22186663457
2.24798794966
2.13973705249
2.16004239035
2.09325151442
2.2017312992
2.21452755297
2.23495115344
2.24872016915
2.2945338259
2.04706104709
2.14832907431
1.99791222402
2.21308053529
2.20792676568
2.17701641633
2.12727348972
2.04740723304
2.12451494487
2.09385804898
2.13140183574
2.12138947806
2.23333988642
2.20991419067
2.23653848034
2.18964324166
2.13319273632
2.30156786137
2.17852992013
2.24420246341
2.21360643087
2.19835491311
2.22011038745
2.15030016489
2.22455410579
2.05142939673
2.13998676346
2.27261509391
2.17177311658
2.1299347825
2.2156934457
2.23284862712
2.15346346224
2.06767941109
2.19446144184
2.18813956576
2.26835410803
2.08907671038
2.05378969512
2.10347792232
2.21728591601
2.10262682837
2.26169362578
2.16498229928
2.25247277218
2.20478692842
2.09771172404
2.21697086961
2.27488266791
2.16120242249
2.28304051668
2.10459242629
2.26237999106
2.23176103517
2.23562415275
2.20465921302
2.32207407526
2.18727282356
2.10910743111
2.1905042524
2.12603313374
2.14360170193
2.28055050163
2.13991481097
2.28245642475
2.12144728828
2.12536327894
2.09920781898
2.04977903553
2.11415699426
2.14246008667
2.2098856062
2.2825980919
2.19658528542
2.11791058855
2.05979589374
2.07949182632
2.32915424597
2.22305738756
2.16269235898
2.20489035783
2.2238787509
2.37425165685
2.18348099263
2.11643616875
2.00128937269
2.15806012379
2.15531859654
2.10401910052
2.11262577183
2.22770653529
2.16778559953
2.17517362747
2.11553967313
2.18088728372
2.18558390992
2.1331969
2.16018284835
2.24136731624
2.00919621677
2.22562193307
2.15283351383
2.27811366397
2.29271899477
2.30458054333
2.16330916956
2.20113260435
2.18559507795
2.1203820291
2.19112997839
2.15043154388
2.17910980733
2.25095725831
2.23224883242
2.19311608529
2.1595257052
2.17808218078
2.07827316495
2.24675760638
2.24142149704
2.09977547822
2.10582981016
2.15411861241
2.29618700332
2.27900126241
2.16990738616
2.14572603665
2.24704591041
2.1906768359
2.0931319229
2.20518770196
2.12530501314
1.99388398057
2.20590399891
2.17075580761
2.17893591643
2.23768325193
2.14215630106
2.0683427205
2.18467710976
2.19286231956
2.15139437085
2.1776058303
2.29612191253
2.23190585119
2.29973267637
2.21063594818
2.19777839855
2.16586628629
2.23300399275
2.15839364856
2.06513376922
2.27703985866
2.23510710088
2.06739397527
2.11522619715
2.0711652717
2.20583623839
2.15644557973
2.27866174676
2.21437948855
2.24582913585
2.16376906018
2.14852681368
2.20472288471
2.14605888872
2.19757404528
2.20488096458
2.10529484961
2.21982304583
2.17725387481
2.31543402454
2.19646522586
2.20597187912
2.11131720017
2.19561375783
2.18710034192
2.21567921275
2.11882580537
2.08712203087
2.03075676445
2.09617154076
2.29233170312
2.24899652076
2.12799463732
2.18510655178
2.15756576119
2.25809657059
2.07900337052
2.15095324149
2.14245692713
2.1488687593
2.07943385196
2.08308274373
2.24253833137
2.13637000684
2.16229582498
2.2112832695
2.08207902974
2.18671032554
2.07743803087
2.18190224609
2.12100729656
2.1330170349
2.19266023885
2.15549121806
2.21108280362
2.24790402497
2.16757393791
2.24532288188
2.21407227469
2.15167929891
2.10667577503
2.1948422241
2.01155761186
2.13769064787
2.1708205062
2.28907451169
2.24986447995
1.99686482878
2.18843733997
2.21063915111
2.18519107677
2.20132048673
2.13060815769
2.19576158296
2.26105629463
2.24583351943
2.31892417249
2.1922344917
2.10946322538
2.08171998018
2.1608388678
2.15363182205
2.16970139235
2.11046026706
2.14683933999
2.22790288042
2.09375909615
2.22438689874
2.13743313106
2.22009021843
2.1696214367
2.1858323812
2.19270837852
2.1817690817
2.23519154502
2.08380455088
2.16288111201
2.16606356564
2.13598857235
2.26686039431
2.19435310003
2.11093603648
2.22100097189
2.15210732406
2.16655620243
2.12956376786
2.16449054701
2.08545646169
2.21846570723
2.09517079302
2.14080861315
2.23197500441
2.13743693038
2.12216124861
2.142293486
2.08967213021
2.04475927533
2.22475389301
2.17252674059
2.14489708209
2.2739146458
2.29270592861
2.21302085167
2.26148659788
2.13962246251
2.21314339499
2.26304831588
2.2231170264
2.14563895419
2.17445277026
2.1684945955
2.17475205728
2.19810160009
2.22713987871
2.19742012494
2.17335108383
2.07807972524
2.21469690305
2.13490041545
2.17609700065
2.14856063464
2.20819484146
2.21760736691
2.22324059395
2.14348144617
2.18007170292
2.07159168859
2.08107805616
2.17422138562
2.06906805967
2.21571199877
2.19919196886
2.14459455339
2.16895745909
2.13983552376
2.15253095005
2.17597906775
2.26287168035
2.3013046341
2.07980952812
2.17733046349
2.1008738363
2.28632469624
2.12130199736
2.18461742206
2.15831881327
2.14066517583
2.19706003651
2.1417865825
2.20343119268
2.17427427436
2.24025590556
2.15189785656
2.2780211367
2.20957252219
2.25855485453
2.20108284653
2.1031997381
2.26701934766
2.22630505406
2.18461008408
2.22143242737
2.11356852553
2.12734861838
2.16022069258
2.07386350568
2.26506529149
2.18640604138
2.24914436601
2.17181903442
2.1504575078
2.24529662463
2.20636060737
2.09550638453
2.16348916285
2.15144937746
2.31071910819
2.20465144299
2.17579532941
2.15727123246
2.07116499682
2.18462461269
2.11484458354
2.07913003822
2.16886173183
2.21666818788
2.26963157674
2.21285132951
2.14076406597
2.23413223803
2.23018846508
2.12841620016
2.18281285621
2.40026194733
2.09221337427
2.15173924838
2.16154051728
2.2315272414
2.03380130302
2.17961114134
2.11976294102
2.2949690808
2.18517974526
2.27381972478
2.21659037992
2.10640717698
2.13078048066
2.13483533032
2.16407148241
2.14576594278
2.20256508629
2.21033979045
2.17243600634
2.14667590657
2.23959208027
2.19823650871
2.18854364329
2.14372009572
2.17412343949
2.16133044424
2.22544261871
2.17796583822
2.18687721045
2.21553383264
2.16271092848
2.19142601922
2.29756616677
2.29395742877
2.15003485607
2.09352463947
2.15797158339
2.10442384597
2.16503638214
2.19138916151
2.15135376845
2.22969295709
2.19572992987
2.27314389951
2.18465003689
2.31142339387
2.14518584277
2.22716366153
2.12111616353
2.225963281
2.21000312144
2.15642276411
2.17459390103
2.07752888902
2.2237011865
2.17717793033
2.25063600496
2.09942575793
2.18472073137
2.24269310005
2.12305697561
2.17303633301
2.19309525936
2.24156446891
2.10127594844
2.29533557027
2.13120772716
2.18821476976
2.16241680561
2.18507574026
2.23312290796
2.05724863693
2.15127496739
2.24082775873
2.15699678085
2.23477749631
2.19898458955
2.17484592464
2.27440175231
2.13581854486
2.12303026211
2.20854984176
2.17349199457
2.0360692694
2.09902196368
2.18708464646
2.28059035721
2.14331479908
2.05990047014
2.26153796632
2.31918982718
1.99892758806
2.17960061559
2.25592366581
2.21834208956
2.18010219486
2.04742473379
2.13935708879
2.16277384631
2.21785448881
2.19291885893
2.26526218536
2.15114759667
2.21151062517
2.23049752536
2.29578034038
2.26088892346
2.22157153879
2.16006001918
2.21825127613
2.28414802568
2.31695041186
2.1514203228
2.09545208448
2.22255667874
2.18679214239
2.183338889
2.26263459975
2.12997168276
2.26697712735
2.19731704633
2.22135984628
2.18172945361
2.13942968966
2.0845156118
2.25594074237
2.11111428838
2.27175072205
2.23596837105
1.94767967278
2.21304950178
2.25583765823
2.22977645572
2.12025723588
2.16801115049
2.22191538727
2.04154955472
2.24634651079
2.12742232476
2.2428200032
2.24300884584
2.17133021133
2.13675965656
2.11729275839
2.09351658873
2.26194618232
2.23541772539
2.23015370231
2.28923887219
2.12928919181
2.25889338792
2.26901836999
2.16662013519
2.21820379857
2.17417278423
2.20042988854
2.24082484967
2.22672327664
2.24356688527
2.25806426483
2.1299407013
2.12738966965
2.16662151222
2.14560714094
2.1431069511
2.18563321288
2.15519655687
2.212270293
2.08865465909
2.16311995687
2.07661541158
2.19243748689
2.12835722347
2.1531934073
2.22077455694
2.34815772744
2.20829172679
2.06161539252
2.16546736016
2.19959882079
2.2165609611
2.17102382343
2.2137154333
2.17378561897
2.23988302622
2.21403731984
2.1629232375
2.18814424579
2.18947332719
2.08833694946
2.1519099145
2.20321423798
2.11302946021
2.13286129817
2.1766343519
2.10725376756
2.1488357653
2.32354480592
2.08894406169
2.17526565349
2.12507764141
2.14611510711
2.17685841558
2.188303574
2.09110599336
2.14342652315
2.32776777625
2.17007248301
2.17792286102
2.1405463744
2.19229431165
2.17492554393
2.16707104228
2.14522602166
2.08882507605
2.18742018846
2.18544566125
2.08934891491
2.20382963508
2.28565527829
2.11770760438
2.17007451017
2.24881122551
2.1726831637
2.20625939405
2.22195677417
2.15529716186
2.14164822267
2.26657503369
2.19215170214
2.12112991567
2.25455024753
2.15551841297
2.22043048006
2.23760028893
2.20483749567
2.19497295977
2.09575904141
2.16737427419
2.23772458146
2.18079526081
2.28480578266
2.23648106778
2.12701669575
2.26256433709
2.10785776775
2.1464036571
2.15782392827
2.21383544291
2.3228645244
2.23686113314
2.22438060596
2.23609827152
2.23378111407
2.26171104713
2.1475527074
2.15428318063
2.14476460101
2.26273429817
2.19273726115
2.11498542191
2.22280823757
2.03433255329
2.15360314856
2.14218002605
2.22322530473
2.27053264673
2.10355813539
2.18130162436
2.32698213316
2.11642531516
2.26601796868
2.06358454775
2.2297187585
2.2882552648
2.05545623466
2.19176343325
2.24140846498
2.16106285173
2.15652291605
2.17029931561
2.08933174642
2.12811871813
2.1884624724
2.12354473087
2.2396236282
2.202858206
2.19041501812
2.05062553005
2.12534405786
2.04586741893
2.12663827438
2.06198069198
2.04440657983
2.23204039139
2.1842672399
2.18145713493
2.12715154844
2.27903620224
2.23437485741
2.15904570686
2.21446895213
2.22398692565
2.21742968086
2.16736873168
2.24548850894
2.21135104839
2.1679279538
2.20827608238
2.19052648205
2.20715725891
2.08772504508
2.16938567657
2.22353048855
2.22287462163
2.14659638607
2.19804029013
2.2033926365
2.14287138033
2.27058321324
2.20560483841
2.14224705789
2.27348181979
2.20647708665
2.17083532682
2.16254475892
2.28918010651
2.12248547095
2.13045987265
2.1295376092
2.21374854704
2.23796373885
2.18470658902
2.14025433015
2.35485156848
2.21670618926
2.20971597276
2.12899927478
2.15326004265
2.20000188183
2.21216736942
2.30599682824
2.15947339323
2.20716986683
2.13908570958
2.23712112901
2.13782720837
2.09153242753
2.14483289219
2.21455943025
2.2021990575
2.17907166311
2.27252553941
2.26951917049
2.17206161063
2.11745757275
2.14920367747
2.12243220259
2.23399376972
2.14296547042
2.24568911157
2.16107126197
2.32926938225
2.23506805502
2.23909462432
2.18029823908
2.15965162083
2.22175156404
2.20254086852
2.15566633175
2.20132996285
2.27133110778
2.13919047246
2.27322612485
2.19426164297
2.2607691869
2.11843871957
2.26241047619
2.12642632826
2.23043715057
2.27791438507
2.36049805294
2.12208717299
2.04722911593
2.2827976712
2.17010879668
2.19665963169
2.29436909979
2.19045242521
2.13658268993
2.20913712416
2.0575772173
2.17866335879
2.09099847445
2.25605127213
2.03851112244
2.28350081273
2.23933615417
2.21353583301
2.04281633724
2.26137695106
2.1436638305
2.17659279818
2.18351605753
2.19510320238
2.18618265869
2.1806457471
2.09905897163
2.1588547781
2.19245229237
2.17126128929
2.12225329848
2.26527655584
2.24586363191
2.18374033573
2.27691237253
2.02686916075
2.19412906913
2.16360714294
2.26258942261
2.13523276133
2.26233888341
2.21833508397
2.14293548225
2.04794349561
2.20158754127
2.20325073154
2.15493991266
2.08174489593
2.25771861845
2.24969523667
2.22922491212
2.23974669013
2.25225393736
2.12733642709
2.13254405357
2.25071077217
2.04734288517
2.20845615542
2.17834038458
2.23476072347
2.11187162364
2.14028407731
2.27993019519
2.18169280359
2.18351724221
2.29345309839
2.18641903218
2.23232864529
2.13376175864
2.24180387464
2.17476360476
2.17764766978
2.08573524655
2.14373532618
2.32114118691
2.14487283274
2.21286123503
2.16097463023
2.22584028694
2.15198717246
2.09670185148
2.24677412591
2.25494088749
2.16479249993
2.1275995227
2.29030765858
2.2275749546
2.37264172913
2.12650605364
2.13687290527
2.21471792806
2.2124256604
2.1058450203
2.11135319617
2.09099370545
2.13192985124
2.08333224426
2.12011864281
2.23270244091
2.2267696299
2.19332902104
2.01375174995
2.23789337172
2.20957774515
2.30602601358
2.31825376527
2.09494850123
2.14641098022
2.16051896929
2.2228707036
2.1085457806
2.2406578686
2.16630473487
2.07216448458
2.13675629577
2.19028525866
2.15059558878
2.14942947127
2.21024933661
2.26519268235
2.17535680725
2.19624934263
2.19429175572
2.1121177242
2.19742451867
2.26756881169
2.19406422753
2.30530025612
2.15497926233
2.24418546472
2.16875788209
2.24605889819
2.26830801305
2.26991891738
2.1615270782
2.11478187131
2.12433038023
2.26185376305
2.11646498646
2.1892229532
2.05990884301
2.2611859678
2.246266961
2.179290914
2.17951733256
2.21444899705
2.16252248849
2.23324681587
2.16067442102
2.10482032632
2.27617390966
2.27451055783
2.23102556522
2.25577693685
2.20612125396
2.14333285769
2.18847566798
2.26387456449
2.18998643502
2.15192908849
2.13285416707
2.22941171627
2.13587102526
2.20563659861
2.14889992245
2.33199151395
2.25283901311
2.23517676031
2.11620469423
2.14283024589
2.23536565312
2.12798578436
2.19735184858
2.10891756431
2.13149486661
2.16930684053
2.21601425602
2.10230577614
2.16276510027
2.33684225457
2.18176378727
2.13700280038
2.1029829981
2.12825342794
2.12759591447
2.16749386809
2.28341630672
2.21260583963
2.18155162721
2.15575811969
2.14651302461
2.13776198528
2.15423905616
2.24080727679
2.09480707663
2.18390147927
2.26477601681
2.2734683385
2.1565062586
2.22815130356
2.27614927996
2.11392206674
2.12842280926
2.12228966691
2.22845662085
2.23160464659
2.20977925184
2.13104189729
2.18697647036
2.17585430754
2.22024462532
2.20721511931
2.19859778666
2.31606547523
2.14211509557
2.32041564968
2.28001714035
2.32678104008
2.15766545803
2.21498109283
2.17124016799
2.35218157399
2.18252969814
2.14098197437
2.14410659708
2.13595063323
2.13231936447
2.0921446653
2.1697420969
2.11077955161
2.22854537447
2.2711906799
2.10919750072
2.33602154056
2.22270913993
2.18433884426
2.16886935947
2.16798814105
2.20868209103
2.1497856342
2.0823726457
2.1892415227
2.26264056363
2.15341780197
2.2881366402
2.2856291478
2.17202301362
2.15427601692
2.22586246355
2.19807600567
2.07895514565
2.1420566384
2.16418245028
2.17882679653
2.2444940471
2.24789281939
2.16095898922
2.24827269572
2.2021411915
2.27078905089
2.16911961357
2.30451480147
2.13949644631
2.13229434232
2.1622438493
2.21807869461
2.12806107794
2.25567157209
2.25534636752
2.17555466894
2.18159438791
2.22892445247
2.07310600356
2.23814680121
2.12405732715
2.04003495062
2.1634343021
2.20271442878
2.19875228058
2.18612010303
2.28230528782
2.25611567209
2.04458037359
2.28758349321
2.16715702882
2.22464647907
2.2751655791
2.27897591189
2.20121079058
2.06889853884
2.12700429872
2.14994483373
2.26631254935
2.24601946838
2.12025794674
2.06301818183
2.12218683112
2.20678485234
2.22561005634
2.29033438846
2.17605641097
2.15990269362
2.26925997623
2.04864510218
2.15211703353
2.12059746578
2.13355469707
2.24446945723
2.08105549747
2.18813120827
2.15920577392
2.26106563192
2.26711174116
2.19225770056
2.21962036238
2.19331111652
2.14813503539
2.22276568116
2.11517868925
2.33935956257
2.1084035941
2.20187785009
2.37119481435
2.26432048808
2.22862077308
2.06786881769
2.19644499081
2.24799432271
2.18605540085
2.19902765933
2.2793295336
2.21144073854
2.25155725922
2.18014394141
2.18044633103
2.2028841827
2.0899019895
2.18453699069
2.16434313474
2.16915496377
2.18939221046
2.1582660412
2.08558001895
2.20793451481
2.21449676908
2.21851554039
2.11058109044
2.20498194913
2.107551833
2.14862715735
2.19308078249
2.12774321506
2.13768939536
2.14897424307
2.08619430086
2.21764856552
2.19513654374
2.12765996342
2.19120500447
2.24599211745
2.05683561726
2.09104828207
2.23932587877
2.14002969576
2.12781350995
2.23224418649
2.12084160366
2.16653116554
2.28960373888
2.09311803137
2.25036334837
2.13857998656
2.30599130231
2.25504096453
2.21680611772
2.13923257076
2.21942767389
2.21340167624
2.2542427177
2.13552223957
2.21368678845
2.118002897
2.19220811221
2.13696018492
2.12024104022
2.26425555552
2.13769642415
2.24907627476
2.06452575017
2.13958474899
2.18454261839
2.16646745811
2.21304460691
2.09469993133
2.16081006689
2.14089461879
2.14646402469
2.15054152943
2.08650419418
2.11845251729
2.22414641415
2.09406013386
2.27071840153
2.23429585977
2.14506931541
2.18502735588
2.04702482026
2.04216273091
2.17382354069
1.9994802299
2.22135220176
2.29611587371
2.32781728644
1.972518683
2.1070767789
2.19242792485
2.1800337617
2.23926502111
2.18077644829
2.22959853537
2.24919076786
2.19670805388
2.15107541945
2.31637834641
2.23949500362
2.29515865219
2.07095225423
2.21134400792
2.03957663516
2.08259219566
2.24831273344
2.29978943248
2.35608269378
2.12552114746
2.12075485238
2.19784692343
2.09854574974
2.31017643223
2.11521886261
2.23242111937
2.13427681919
2.2946430739
2.16221669139
2.18764134545
2.12670851054
2.29114140529
2.13644059041
2.13326264248
2.19074406012
2.21742558169
2.11173831766
2.18709917534
2.24693224687
2.23893110307
2.32043211645
2.06897657544
2.19303358293
2.18365412874
2.06784832708
2.2857867704
2.17471000385
2.15006960603
2.08433249845
2.13059559461
2.21913488849
2.30571272984
2.14449513609
2.0818250188
2.19358047734
2.15691518971
2.31419934021
2.08802972304
2.14700719071
2.25665841027
2.31968503806
2.16387162646
2.2379634388
2.25821911421
2.23853234745
2.13340718819
2.26330117056
2.2497818254
2.13168887341
2.14646971405
2.02883427677
2.09518265175
2.25148902921
2.16749795426
2.20702623106
2.18603491332
2.28326752008
2.17892109021
2.27563801114
2.10081190328
2.08526685939
2.27978447509
2.27994434649
2.16328390087
2.21867887457
2.27737476345
2.13411058177
2.16127542239
2.17691716492
2.1589516467
2.17126759386
2.16365932662
2.16030903203
2.30099376596
2.26382650042
2.24897189986
2.11548061814
2.17454928103
2.14723193181
2.13315348865
2.19777995631
2.26670739441
2.23346915579
2.24701516819
2.21887847165
2.12588853326
2.10462704828
2.1437762727
2.07777470603
2.10169686765
2.10503992035
2.19389758437
2.13443473693
2.149075224
2.11654369636
2.26548836932
2.21164665967
2.18572431866
2.15693291136
2.22511131913
2.16161144502
2.10614069149
2.14033499269
2.22209440086
2.09797397997
2.20064471542
2.3177644528
2.11965620805
2.18864001539
2.0786350525
2.04961523231
2.18047173477
2.20778645827
2.19625410522
2.10478541594
2.14035458301
2.10335173471
2.15086419626
2.27274791438
2.31017389469
2.22072506109
2.26768478195
2.10290595732
2.19750433739
2.20951798378
2.241864237
2.21251380419
2.10714908257
2.13018906547
2.30910156344
2.25756996352
2.25347641603
2.18082047201
2.16826431827
2.09797526063
2.16284796513
2.19430209354
2.25589198279
2.17097960129
2.19812470969
2.29586492645
2.25532658102
2.12667944051
2.18210509509
2.17313512984
2.24138153119
2.26099746808
2.13341356753
2.31303326836
2.15108631758
2.16809488497
2.10492045306
2.23769140339
2.07306552512
2.1094363217
2.19942180697
2.26100564773
2.11125683484
2.27088718499
2.14934909937
2.2455005633
2.1064714975
2.1737072861
2.16522678846
2.06518649735
2.22475282374
2.17397457157
2.29474182868
2.19735741602
2.0972474165
2.28206526381
2.25609012436
2.13918916422
2.27015294951
2.28095806328
2.24536958039
2.20045801489
2.15005954106
2.21100632641
2.2996441807
2.20996166094
2.25429169356
2.19552161152
2.13258651506
2.11296581471
2.19352732129
2.207496066
2.22544362146
2.28756468382
2.06309536533
2.1685785149
2.19638840862
2.28837294073
2.27159508829
2.22234777246
2.10221683171
2.17279822351
2.14431428899
2.19738989889
2.15810538858
2.17040013191
2.18455234751
2.15182328584
2.08540999134
2.22210364854
2.14409315089
2.11639986369
2.15610643425
2.13416986305
2.18356753572
2.23738112596
2.06824938393
2.18263816355
2.09595864885
2.16110018029
2.24290131353
2.15737478711
2.23951231952
2.24258836634
2.13319032421
2.11954177431
2.12407367441
2.20379486676
2.17552551725
2.25330910546
2.18016156079
1.95905491875
2.24221248156
2.18348074909
2.22206017924
2.17493141961
2.25579763666
2.06518000504
2.12269601269
2.21788397494
2.17509087508
2.06465172359
2.30671893808
2.18914963419
2.1778538453
2.2611750088
2.23180212542
2.17365872771
2.24589417954
2.20345061452
2.15172774713
2.1917811966
2.1874900365
2.23892458525
2.22183480293
2.18227541909
2.19206425903
2.21431366741
2.12864637432
2.15127467721
2.08115460074
2.25963043797
2.16740185563
2.16949637996
2.22440650976
2.25056101868
2.24463345181
2.12327656947
2.20402121291
2.15981930348
2.27317794627
2.20728308145
2.1457767184
2.16664231735
2.15223267958
2.17033085103
2.08309435706
2.19883448712
2.17078677834
2.2218731291
2.24842051762
2.13864853687
2.17525023846
2.1300798559
2.15060052081
2.20227178061
2.15132243433
2.19247521956
2.16161032261
2.07994073129
2.18565087605
2.18200516232
2.16682243739
2.26454284371
2.21691346552
2.13177315572
2.28172414684
2.2164302363
2.21843973695
2.18182047048
2.17222037819
2.10153437194
2.23406189754
2.20649709514
2.17405821581
2.17577688109
2.26386290677
2.28138418637
2.08110088317
2.11705584306
2.08727194286
2.25977147273
2.15990400574
2.16157593072
2.1595867848
2.1037463699
2.2863445833
2.08048832409
2.33712321182
2.23991128439
2.05090546488
2.10483336498
2.08042229372
2.08539483414
2.27102682732
2.11688236809
2.25901019279
2.14882439549
2.23100935662
2.10421827071
2.10918043321
2.15368108866
2.13531847546
2.17825869245
2.1815669787
2.30363825992
2.21395568327
2.11162323649
2.16859330711
2.18953698205
2.16032628407
2.22352342125
2.14312970856
2.22290554228
2.20779209942
2.11197979842
2.16494938728
2.22139963097
2.20092270207
2.16969351427
2.32981850325
2.20975955279
2.08086183768
2.20463541279
2.06207533016
2.20913399297
2.2212519948
2.32492517187
2.17285362195
2.22869994478
2.19600202914
2.16010230126
2.17720459976
2.20237313835
2.19217405748
2.13519366244
2.19661907929
2.21158507112
2.1629656516
2.16641129615
2.1504827766
2.16426087952
2.08437477311
2.19149521759
2.0956452016
2.32474789243
2.08757572365
2.23549389217
2.1743428226
2.2707355767
2.06518572158
2.28232923367
2.14543803112
2.21821878722
2.14310926839
2.2374459538
2.31712155768
2.22719045086
2.1493291887
2.02156068593
2.19587959374
2.17333684507
2.1999776192
2.13644100482
2.24410045786
2.21557803201
2.1237904787
2.20990070619
2.1962657493
2.2140037923
2.19962253324
2.22074598369
2.20293885651
2.09491621689
2.18317235988
2.3380835028
2.21747163347
2.11658845096
2.15984729798
2.15125439039
2.27577379001
2.13874332375
2.30367004788
2.16109354254
2.22840877357
2.28005907013
2.21771136203
2.22247518245
2.34131392749
2.10046326783
2.09033313155
2.19681785105
2.1453999607
2.17990470433
2.23031367497
2.08959134148
2.08134722199
2.19922917503
2.160887914
2.21088252481
2.2497563609
2.27237623702
2.1336745882
2.13548741457
2.21705598505
2.15047747279
2.09505539191
2.23535724694
2.23922497548
2.21388015375
2.35937041536
2.15037328565
2.27593314187
2.2885957238
2.14860998471
2.15521679786
2.23806602077
2.1194305033
2.26608360387
2.25455113187
2.23984722505
2.18604670103
2.17951584166
2.21048890732
2.1076663895
2.13246234002
2.14262575407
2.16890656513
2.12333601122
2.21456604036
2.15900952193
2.09268727846
2.10408092505
2.1451709078
2.24590731825
2.11199530797
2.20237538194
2.13878210135
2.07494560529
2.09311520371
2.20332625483
2.0439638407
2.24749005257
2.16488900557
2.33712642069
2.22718682827
2.31675217599
2.16825431175
2.27286653849
2.22484605583
2.18199817611
2.20529347153
2.18923338453
2.25606928203
2.23696311217
2.1984461733
2.20650451821
2.15567669646
2.13312191767
2.22691710919
2.26983668343
2.16487754565
1.96377313968
2.24874185197
2.12543852829
2.22790790932
2.20627646024
2.24766714269
2.09031558994
2.19724608872
2.11054348994
2.07491661477
2.21975017424
2.1196773657
2.16392050449
2.23373221917
2.0434972068
2.15106501769
2.29787929915
2.13395245884
2.1601340573
2.24010937109
2.20132797405
2.11671234654
2.24570570982
2.25069663486
2.11493304623
2.25973422261
2.21945007692
2.13653371265
2.22415003064
2.18435771064
2.21611392659
2.15185213041
2.04859880942
2.16384410004
2.29347851628
2.1500241626
2.23328199374
2.22354759627
2.19971885076
2.21136796692
2.18002211206
2.13900454474
2.26503485491
2.18361338096
2.29000829424
2.26202252182
2.07244956071
2.18001122288
2.30424224875
2.1679590492
2.19539475511
2.17507125505
2.02158518764
2.07808932728
2.14858938168
2.10688472834
2.10853133433
2.20522048982
2.25033661522
2.17548957992
2.18128870795
2.26101379349
2.10043899208
2.1041347557
2.14456489347
2.2238013672
2.16719065526
2.2792677634
2.22609897986
2.11546974861
2.18520927613
2.23207823721
2.1415789433
2.18412952422
2.26185186619
2.17695742593
2.15170454114
2.26215580117
2.23025426432
2.30855096026
2.18973019942
2.20710972492
2.11803864429
2.28120034446
2.09683042545
2.11545454298
2.15394173838
2.24454849494
2.25276820783
2.19059887198
2.21184859921
2.20045655003
2.18888773296
2.23712544196
2.16199536609
2.1427613482
2.16711087527
2.16254120112
2.20778404096
2.09932722949
2.15470140921
2.15321745384
2.2795483678
2.11456040409
2.08295354514
2.22870725605
2.21796052564
2.25931688829
2.23664877538
2.27966763196
2.26138218368
2.15236621856
2.15365538111
2.21330623764
2.27722856657
2.13283758948
2.21018105373
2.22939727271
2.20635895076
2.12060299051
2.21841956318
2.13498508573
2.24301285165
2.23618867066
2.28091799729
2.14490979502
2.3528208825
2.21966750643
2.18257798874
2.26135105963
2.15560199823
2.26036474456
2.09813556435
2.07658321734
2.0180271362
2.15352814528
2.28802018835
2.27565994988
2.30333348655
2.14927359621
2.06456464875
2.29838392048
2.15262320126
2.25980165335
2.18651089637
2.2240862136
2.19847458912
2.32192092669
2.1746651964
2.15101449531
2.11673677076
2.20374722127
2.03196258069
2.2925937418
2.11994038418
2.07233595801
2.08894227151
2.20312926437
2.17222675748
2.24699636082
2.20189154984
2.21519445186
2.33848324429
2.13737428885
2.18984981599
2.16108828436
2.14216984145
2.18591231404
2.24030212252
2.17905771371
2.25511287123
2.20415006301
2.19013492856
2.15673933011
2.1372135726
2.24170172126
2.26892994318
2.18064762247
2.10682404748
2.25049482465
2.27657820885
2.11417590877
2.21659464045
2.10477802454
2.292876259
2.05356518174
2.27928466679
2.18997280637
2.15333942877
2.26799720286
2.26081295178
2.21506105801
2.19253967672
2.27955441358
2.20158742917
2.20466325001
2.18744885357
2.14552250905
2.23441407573
2.25288402518
2.1174477951
2.13626484538
2.21409816808
2.16766912977
2.08840434305
2.11370923705
2.16603405048
2.1528051749
2.19593291609
2.17373467168
2.24542815587
2.07110825769
2.21431123258
2.25280207793
2.17154379202
2.04547291994
2.15843276423
2.1824717045
2.18642912532
2.14965861429
2.1544415469
2.24668449027
2.16429433975
2.20577159986
2.18839732168
2.20951195567
2.27599805271
2.27027389011
2.10721026238
2.2893123888
2.11125893114
2.1312640187
2.16269278489
2.06213352882
2.11425449842
2.19835125561
2.21907196703
2.20749132555
2.27213385145
2.14902572261
2.25219491696
2.16379414593
1.99639589888
2.17144632244
2.15954036783
2.09709634842
2.23371283823
2.16194115878
2.19219027358
2.18241466538
2.13244500166
2.20024241863
2.20730691956
2.21576777735
2.18718553928
2.0802679439
2.19082621614
2.14340013387
2.2833004426
2.23301993041
2.2417372044
2.19776631699
2.1943982292
2.31167280396
2.13526814654
2.17464216455
2.2168941193
2.18490550437
2.13125896976
2.23539943991
2.29091630528
2.0741712804
2.13525157394
2.16142618043
2.13365635727
2.21298497775
2.16882303057
2.20070894754
2.12762769428
2.17561070655
2.31057311531
2.19141969505
2.19603657705
2.08069627513
2.17840190712
2.19528341963
2.22773719044
2.25464935608
2.25745001804
2.23148818611
2.17999279861
2.16005497726
2.17793742956
2.28221262295
2.22774284571
2.20192045749
2.30725201608
2.19616379053
2.34456671532
2.21275440991
2.11556273251
2.1601104603
2.12470050585
2.10072411291
2.14589550029
2.17224768587
2.07927173832
2.13813734129
2.06136020394
2.31033546
2.13702407209
2.07407361731
2.17964268946
2.19062401294
2.28799528859
2.26869101547
2.27728484439
2.1207737047
2.150537093
2.19969162763
2.2232250621
2.20332566425
2.16315568269
2.15407695576
2.06479774387
2.10645527471
2.18316604066
2.25289628579
2.14788541511
2.17097718615
2.23273204436
2.2741887869
2.17123092411
2.1418871906
2.22816073827
2.1660783346
2.09809324805
2.16304828607
2.21104219718
2.11079389584
2.16418356386
2.16424426777
2.16803111791
2.36741562816
2.12717064187
2.17872603874
2.14654855303
2.25379042562
2.11457321979
2.20735010379
2.19699485285
2.2600006372
2.20385241591
2.19040537836
2.18181676125
2.23586811633
2.15854307301
2.10496550032
2.30339017779
2.23834217902
2.10388739948
2.33633996486
2.12131829867
2.1781826237
2.19578510313
2.15452099454
2.2760064328
